              precision    recall  f1-score   support

           0       0.61      0.27      0.38    966189
           1       0.00      0.00      0.00       889
           2       0.01      0.00      0.00       399
           3       0.00      0.00      0.00      1194
           4       0.00      0.01      0.00       144
           5       0.00      0.00      0.00      1390
           6       0.09      0.00      0.00      1577
           7       0.00      0.00      0.00      2254
           8       0.00      0.00      0.00      5593
           9       0.00      0.00      0.00      1117
          10       0.00      0.00      0.00      4740
          11       0.00      0.00      0.00      3763
          12       0.00      0.00      0.00      1852
          13       0.00      0.00      0.00      6013
          14       0.00      0.00      0.00      3284
          15       0.17      0.01      0.01      9149
          16       0.71      0.00      0.01      3202
          17       0.06      0.00      0.00     13131
          18       0.08      0.00      0.00      8469
          19       0.29      0.00      0.01      9140
          20       0.26      0.00      0.00     21942
          21       0.33      0.00      0.00     12091
          22       0.23      0.01      0.02     39655
          23       0.19      0.00      0.00     23617
          24       0.00      0.00      0.00     40319
          25       0.07      0.00      0.00     45772
          26       0.09      0.02      0.03     29148
          27       0.14      0.00      0.00     68581
          28       0.11      0.04      0.06     29077
          29       0.25      0.00      0.00     74532
          30       0.00      0.00      0.00     48116
          31       0.28      0.00      0.01     39177
          32       0.27      0.00      0.00     67805
          33       0.02      0.84      0.03     26316
          34       0.07      0.00      0.00     69256
          35       0.09      0.15      0.11     25843
          36       0.20      0.00      0.00     48108
          37       0.23      0.01      0.02     52072
          38       0.05      0.22      0.09     27190
          39       0.26      0.00      0.00     46850
          40       0.05      0.09      0.06     16191
          41       0.28      0.00      0.00     49167
          42       0.15      0.03      0.05     19646
          43       0.15      0.01      0.01     16600
          44       0.00      0.00      0.00     23574
          45       0.16      0.01      0.02      7061
          46       0.23      0.00      0.00     15027
          47       0.02      0.00      0.00      4845
          48       0.17      0.00      0.00      6142
          49       0.00      0.00      0.00      4257

    accuracy                           0.15   2041466
   macro avg       0.13      0.03      0.02   2041466
weighted avg       0.37      0.15      0.19   2041466
