              precision    recall  f1-score   support

           0       0.51      0.10      0.17    952383
          32       0.00      0.00      0.00       161
          34       0.00      0.00      0.00       135
          35       0.05      0.03      0.04        33
          36       0.00      0.00      0.00       529
          37       0.00      0.00      0.00       889
          38       0.00      0.00      0.00       399
          39       0.00      0.00      0.00      1194
          40       0.00      0.01      0.00       144
          41       0.00      0.00      0.00      1390
          42       0.00      0.00      0.00      1577
          43       0.00      0.00      0.00      2254
          44       0.01      0.00      0.00      5593
          45       0.00      0.00      0.00      1117
          46       0.00      0.00      0.00      4740
          47       0.00      0.00      0.00      3763
          48       0.01      0.00      0.00      1852
          49       0.01      0.00      0.00      6013
          50       0.00      0.00      0.00      3284
          51       0.10      0.03      0.04      9149
          52       0.86      0.00      0.00      3202
          53       0.14      0.00      0.01     13131
          54       0.05      0.00      0.00      8469
          55       0.67      0.00      0.00      9140
          56       0.24      0.02      0.04     21942
          57       0.00      0.00      0.00     12091
          58       0.32      0.00      0.00     39655
          59       0.00      0.00      0.00     23617
          60       0.58      0.00      0.01     40319
          61       0.00      0.00      0.00     45772
          62       0.23      0.01      0.03     29148
          63       0.13      0.05      0.07     68581
          64       0.22      0.08      0.11     29077
          65       0.20      0.03      0.05     74532
          66       0.00      0.00      0.00     48116
          67       0.23      0.02      0.04     39177
          68       0.08      0.00      0.00     67805
          69       0.02      0.54      0.05     26316
          70       0.10      0.02      0.04     69256
          71       0.02      0.63      0.03     25843
          72       0.35      0.00      0.00     48108
          73       0.11      0.22      0.15     52072
          74       0.18      0.03      0.05     27190
          75       0.31      0.00      0.00     46850
          76       0.07      0.01      0.02     16191
          77       0.00      0.00      0.00     49167
          78       0.16      0.02      0.04     19646
          79       0.15      0.01      0.01     16600
          80       0.11      0.00      0.00     23574
          81       0.24      0.00      0.00      7061
          82       0.14      0.01      0.01     15027
          83       0.04      0.00      0.00      4845
          84       0.03      0.00      0.00      6142
          85       0.01      0.00      0.00      4257
          86       0.00      0.00      0.00      1873
          87       0.18      0.00      0.00      3859
          88       0.00      0.00      0.00       373
          89       0.00      0.00      0.00      2463
          90       0.00      0.00      0.00       432
          91       0.00      0.00      0.00       976
          92       0.00      0.00      0.00       530
          93       0.67      0.01      0.01       321
          94       0.00      0.00      0.00       782
          96       0.00      0.00      0.00       855
          97       0.00      0.00      0.00        83
          98       0.08      0.01      0.02        84
         100       0.15      0.04      0.06        82
         101       0.05      0.01      0.02       199
         102       0.00      0.00      0.00         8
         103       0.03      0.40      0.06        15
         104       0.00      0.00      0.00        13

    accuracy                           0.08   2041466
   macro avg       0.11      0.03      0.02   2041466
weighted avg       0.32      0.08      0.10   2041466
