              precision    recall  f1-score   support

           0       0.59      0.55      0.57    952383
          29       0.00      0.00      0.00       193
          30       0.03      1.00      0.06         3
          31       0.00      1.00      0.01         1
          32       0.00      0.00      0.00       169
          34       0.00      0.00      0.00       257
          35       0.00      0.00      0.00        33
          36       0.00      0.00      0.00       964
          37       0.00      0.00      0.00      1507
          38       0.00      0.00      0.00       399
          39       0.00      0.00      0.00      1833
          40       0.00      0.01      0.00       148
          41       0.00      0.00      0.00      2658
          42       0.00      0.00      0.00      2476
          43       0.00      0.00      0.00      2967
          44       0.00      0.00      0.00      7779
          45       0.00      0.00      0.00      1447
          46       0.00      0.00      0.00      8940
          47       0.00      0.00      0.00      4706
          48       0.00      0.00      0.00      3581
          49       0.00      0.00      0.00      9891
          50       0.04      0.00      0.01      4702
          51       0.04      0.00      0.00     13123
          52       0.00      0.00      0.00      3985
          53       0.05      0.00      0.00     17599
          54       0.00      0.00      0.00     11751
          55       0.00      0.00      0.00     11999
          56       0.17      0.00      0.00     27322
          57       0.03      0.00      0.00     16750
          58       0.17      0.02      0.04     50403
          59       0.10      0.01      0.01     27952
          60       0.09      0.15      0.11     46700
          61       0.15      0.00      0.00     50273
          62       0.04      0.22      0.06     32135
          63       0.14      0.00      0.00     71105
          64       0.00      0.00      0.00     30109
          65       0.11      0.02      0.04     68524
          66       0.19      0.00      0.00     48636
          67       0.11      0.00      0.01     36702
          68       0.00      0.00      0.00     63904
          69       0.02      0.40      0.03     23611
          70       0.07      0.00      0.01     64223
          71       0.00      0.00      0.00     25394
          72       0.09      0.05      0.07     41677
          73       0.11      0.12      0.11     47287
          74       0.03      0.13      0.05     21526
          75       0.11      0.00      0.00     41384
          76       0.02      0.06      0.03     12083
          77       0.07      0.07      0.07     44185
          78       0.07      0.06      0.06     14870
          79       0.05      0.08      0.06     12887
          80       0.09      0.00      0.00     18544
          81       0.08      0.01      0.01      6103
          82       0.00      0.00      0.00     11263
          83       0.02      0.00      0.00      3152
          84       0.02      0.00      0.00      5981
          85       0.02      0.00      0.00      3159
          86       0.01      0.00      0.01      1658
          87       0.03      0.00      0.00      3155
          88       0.00      0.00      0.00       222
          89       0.00      0.00      0.00      1334
          90       0.00      0.00      0.00       102
          91       0.00      0.00      0.00       449
          92       0.01      0.01      0.01       177
          93       0.00      0.00      0.00       136
          94       0.04      0.00      0.01       485
          96       0.17      0.04      0.06        51
          97       0.00      0.00      0.00         4
          98       0.00      0.00      0.00        82
         100       0.07      0.04      0.05        85
         101       0.07      0.01      0.02       153
         102       0.00      0.00      0.00        10
         103       0.03      0.27      0.05        15
         104       0.00      0.00      0.00        10

    accuracy                           0.28   2041466
   macro avg       0.05      0.06      0.02   2041466
weighted avg       0.32      0.28      0.28   2041466
